9.600000e-01
1.536000e-01
5.200282e-01
9.983955e-01
6.407737e-03
2.546671e-02
9.927264e-02
3.576703e-01
9.189691e-01
2.978597e-01
8.365572e-01
5.469169e-01
9.911952e-01
3.490899e-02
1.347614e-01
4.664031e-01
9.954850e-01
1.797850e-02
7.062109e-02
2.625350e-01
7.744415e-01
6.987275e-01
8.420295e-01
5.320632e-01
9.958878e-01
1.638115e-02
6.445125e-02
2.411891e-01
7.320678e-01
7.845782e-01
6.760610e-01
8.760102e-01
4.344654e-01
9.828209e-01
6.753596e-02
2.518994e-01
7.537844e-01
7.423739e-01
7.650196e-01
7.190585e-01
8.080534e-01
6.204124e-01
9.420034e-01
2.185319e-01
6.831028e-01
8.658934e-01
4.644880e-01
9.949556e-01
2.007584e-02
7.869122e-02
2.899957e-01
8.235927e-01
5.811511e-01
9.736580e-01
1.025923e-01
3.682686e-01
9.305874e-01
2.583781e-01
7.664754e-01
7.159634e-01
8.134392e-01
6.070235e-01
9.541839e-01
1.748679e-01
5.771564e-01
9.761875e-01
9.298170e-02
3.373444e-01
8.941727e-01
3.785117e-01
9.409623e-01
2.222088e-01
6.913283e-01
8.535740e-01
4.999417e-01
1.000000e+00
5.429109e-08
2.171644e-07
8.686572e-07
3.474626e-06
1.389846e-05
5.559305e-05
2.223598e-04
8.892415e-04
3.553803e-03
1.416469e-02
5.585622e-02
2.109452e-01
6.657893e-01
8.900556e-01
3.914266e-01
9.528473e-01
1.797174e-01
5.896761e-01
9.678328e-01
1.245300e-01
4.360891e-01
9.836616e-01
6.428579e-02
2.406125e-01
