8.160000e-01
5.104896e-01
8.496259e-01
4.343899e-01
8.353641e-01
4.676052e-01
8.464320e-01
4.419486e-01
8.385421e-01
4.603234e-01
8.446476e-01
4.461413e-01
8.401374e-01
4.566422e-01
8.436083e-01
4.485732e-01
8.410080e-01
4.546261e-01
8.430001e-01
4.499931e-01
8.414977e-01
4.534898e-01
8.426451e-01
4.508207e-01
8.417768e-01
4.528414e-01
8.424386e-01
4.513017e-01
8.419368e-01
4.524694e-01
8.423188e-01
4.515805e-01
8.420289e-01
4.522552e-01
8.422495e-01
4.517420e-01
8.420820e-01
4.521318e-01
8.422093e-01
4.518354e-01
8.421126e-01
4.520605e-01
8.421861e-01
4.518894e-01
8.421303e-01
4.520194e-01
8.421727e-01
4.519206e-01
8.421405e-01
4.519957e-01
8.421650e-01
4.519386e-01
8.421463e-01
4.519820e-01
8.421605e-01
4.519490e-01
8.421497e-01
4.519741e-01
8.421579e-01
4.519550e-01
8.421517e-01
4.519695e-01
8.421564e-01
4.519585e-01
8.421528e-01
4.519669e-01
8.421556e-01
4.519605e-01
8.421535e-01
4.519653e-01
8.421551e-01
4.519617e-01
8.421539e-01
4.519645e-01
8.421548e-01
4.519623e-01
8.421541e-01
4.519639e-01
8.421546e-01
4.519627e-01
8.421542e-01
4.519636e-01
8.421545e-01
4.519629e-01
8.421543e-01
4.519635e-01
8.421545e-01
4.519631e-01
8.421543e-01
4.519634e-01
8.421544e-01
4.519631e-01
8.421544e-01
4.519633e-01
8.421544e-01
4.519632e-01
8.421544e-01
4.519633e-01
8.421544e-01
4.519632e-01
