2.160000e-01
1.524096e-01
1.162628e-01
9.247120e-02
7.552825e-02
6.284136e-02
5.300309e-02
4.517439e-02
3.882030e-02
3.358195e-02
2.920878e-02
2.552007e-02
2.238191e-02
1.969287e-02
1.737455e-02
1.536541e-02
1.361638e-02
1.208788e-02
1.074759e-02
9.568868e-03
8.529574e-03
7.611139e-03
6.797888e-03
6.076509e-03
5.435627e-03
4.865473e-03
4.357620e-03
3.904768e-03
3.500569e-03
3.139483e-03
2.816664e-03
2.527858e-03
2.269321e-03
2.037754e-03
1.830241e-03
1.644202e-03
1.477349e-03
1.327650e-03
1.193298e-03
1.072687e-03
9.643827e-04
8.671074e-04
7.797200e-04
7.012008e-04
6.306382e-04
5.672165e-04
5.102053e-04
4.589505e-04
4.128658e-04
3.714258e-04
3.341591e-04
3.006427e-04
2.704971e-04
2.433815e-04
2.189901e-04
1.970479e-04
1.773082e-04
1.595490e-04
1.435712e-04
1.291956e-04
1.162610e-04
1.046227e-04
9.415059e-05
8.472756e-05
7.624834e-05
6.861827e-05
6.175221e-05
5.557355e-05
5.001342e-05
4.500983e-05
4.050702e-05
3.645484e-05
3.280816e-05
2.952638e-05
2.657295e-05
2.391502e-05
2.152301e-05
1.937029e-05
1.743292e-05
1.568936e-05
1.412020e-05
1.270800e-05
1.143705e-05
1.029323e-05
9.263813e-06
8.337354e-06
7.503556e-06
6.753150e-06
6.077794e-06
5.469981e-06
4.922956e-06
4.430639e-06
3.987557e-06
3.588787e-06
3.229897e-06
2.906898e-06
2.616200e-06
2.354574e-06
2.119112e-06
1.907197e-06
