4.800000e-01
4.992000e-01
4.999987e-01
5.000000e-01
5.000000e-01
5.000000e-01
5.000000e-01
5.000000e-01
5.000000e-01
5.000000e-01
5.000000e-01
5.000000e-01
5.000000e-01
5.000000e-01
5.000000e-01
5.000000e-01
5.000000e-01
5.000000e-01
5.000000e-01
5.000000e-01
5.000000e-01
5.000000e-01
5.000000e-01
5.000000e-01
5.000000e-01
5.000000e-01
5.000000e-01
5.000000e-01
5.000000e-01
5.000000e-01
5.000000e-01
5.000000e-01
5.000000e-01
5.000000e-01
5.000000e-01
5.000000e-01
5.000000e-01
5.000000e-01
5.000000e-01
5.000000e-01
5.000000e-01
5.000000e-01
5.000000e-01
5.000000e-01
5.000000e-01
5.000000e-01
5.000000e-01
5.000000e-01
5.000000e-01
5.000000e-01
5.000000e-01
5.000000e-01
5.000000e-01
5.000000e-01
5.000000e-01
5.000000e-01
5.000000e-01
5.000000e-01
5.000000e-01
5.000000e-01
5.000000e-01
5.000000e-01
5.000000e-01
5.000000e-01
5.000000e-01
5.000000e-01
5.000000e-01
5.000000e-01
5.000000e-01
5.000000e-01
5.000000e-01
5.000000e-01
5.000000e-01
5.000000e-01
5.000000e-01
5.000000e-01
5.000000e-01
5.000000e-01
5.000000e-01
5.000000e-01
5.000000e-01
5.000000e-01
5.000000e-01
5.000000e-01
5.000000e-01
5.000000e-01
5.000000e-01
5.000000e-01
5.000000e-01
5.000000e-01
5.000000e-01
5.000000e-01
5.000000e-01
5.000000e-01
5.000000e-01
5.000000e-01
5.000000e-01
5.000000e-01
5.000000e-01
5.000000e-01
