7.200000e-01
6.048000e-01
7.170509e-01
6.086667e-01
7.145746e-01
6.118732e-01
7.124532e-01
6.145910e-01
7.106067e-01
6.169344e-01
7.089790e-01
6.189833e-01
7.075289e-01
6.207952e-01
7.062255e-01
6.224131e-01
7.050451e-01
6.238695e-01
7.039690e-01
6.251899e-01
7.029825e-01
6.263944e-01
7.020734e-01
6.274990e-01
7.012320e-01
6.285170e-01
7.004501e-01
6.294593e-01
6.997209e-01
6.303347e-01
6.990386e-01
6.311509e-01
6.983983e-01
6.319143e-01
6.977958e-01
6.326304e-01
6.972275e-01
6.333039e-01
6.966902e-01
6.339389e-01
6.961811e-01
6.345389e-01
6.956978e-01
6.351071e-01
6.952382e-01
6.356461e-01
6.948004e-01
6.361584e-01
6.943827e-01
6.366461e-01
6.939835e-01
6.371112e-01
6.936016e-01
6.375553e-01
6.932356e-01
6.379800e-01
6.928846e-01
6.383866e-01
6.925474e-01
6.387765e-01
6.922233e-01
6.391506e-01
6.919113e-01
6.395102e-01
6.916107e-01
6.398560e-01
6.913209e-01
6.401889e-01
6.910412e-01
6.405098e-01
6.907710e-01
6.408193e-01
6.905098e-01
6.411180e-01
6.902571e-01
6.414067e-01
6.900124e-01
6.416858e-01
6.897754e-01
6.419559e-01
6.895455e-01
6.422175e-01
6.893226e-01
6.424709e-01
6.891061e-01
6.427166e-01
6.888959e-01
6.429550e-01
6.886916e-01
6.431864e-01
6.884929e-01
6.434112e-01
6.882997e-01
6.436297e-01
6.881115e-01
6.438422e-01
6.879283e-01
6.440489e-01
6.877498e-01
6.442501e-01
