1.200000e-01
5.280000e-02
2.500608e-02
1.219039e-02
6.020891e-03
2.992320e-03
1.491683e-03
7.447290e-04
3.720872e-04
1.859744e-04
9.296989e-05
4.648062e-05
2.323923e-05
1.161935e-05
5.809605e-06
2.904786e-06
1.452389e-06
7.261933e-07
3.630964e-07
1.815481e-07
9.077404e-08
4.538702e-08
2.269351e-08
1.134675e-08
5.673377e-09
2.836688e-09
1.418344e-09
7.091721e-10
3.545860e-10
1.772930e-10
8.864651e-11
4.432325e-11
2.216163e-11
1.108081e-11
5.540407e-12
2.770203e-12
1.385102e-12
6.925509e-13
3.462754e-13
1.731377e-13
8.656886e-14
4.328443e-14
2.164221e-14
1.082111e-14
5.410554e-15
2.705277e-15
1.352638e-15
6.763192e-16
3.381596e-16
1.690798e-16
8.453990e-17
4.226995e-17
2.113497e-17
1.056749e-17
5.283744e-18
2.641872e-18
1.320936e-18
6.604680e-19
3.302340e-19
1.651170e-19
8.255849e-20
4.127925e-20
2.063962e-20
1.031981e-20
5.159906e-21
2.579953e-21
1.289976e-21
6.449882e-22
3.224941e-22
1.612471e-22
8.062353e-23
4.031177e-23
2.015588e-23
1.007794e-23
5.038971e-24
2.519485e-24
1.259743e-24
6.298713e-25
3.149357e-25
1.574678e-25
7.873392e-26
3.936696e-26
1.968348e-26
9.841740e-27
4.920870e-27
2.460435e-27
1.230217e-27
6.151087e-28
3.075544e-28
1.537772e-28
7.688859e-29
3.844430e-29
1.922215e-29
9.611074e-30
4.805537e-30
2.402768e-30
1.201384e-30
6.006921e-31
3.003461e-31
1.501730e-31
