2.400000e-01
1.824000e-01
1.491302e-01
1.268904e-01
1.107892e-01
9.851498e-02
8.880978e-02
8.092260e-02
7.437413e-02
6.884262e-02
6.410332e-02
5.999408e-02
5.639479e-02
5.321442e-02
5.038264e-02
4.784423e-02
4.555516e-02
4.347989e-02
4.158939e-02
3.985971e-02
3.827092e-02
3.680625e-02
3.545155e-02
3.419474e-02
3.302546e-02
3.193478e-02
3.091495e-02
2.995921e-02
2.906166e-02
2.821708e-02
2.742088e-02
2.666897e-02
2.595774e-02
2.528393e-02
2.464466e-02
2.403730e-02
2.345951e-02
2.290916e-02
2.238433e-02
2.188327e-02
2.140439e-02
2.094624e-02
2.050750e-02
2.008694e-02
1.968346e-02
1.929602e-02
1.892368e-02
1.856558e-02
1.822090e-02
1.788889e-02
1.756888e-02
1.726022e-02
1.696230e-02
1.667458e-02
1.639654e-02
1.612769e-02
1.586759e-02
1.561581e-02
1.537196e-02
1.513566e-02
1.490657e-02
1.468437e-02
1.446873e-02
1.425939e-02
1.405606e-02
1.385849e-02
1.366643e-02
1.347966e-02
1.329796e-02
1.312112e-02
1.294896e-02
1.278128e-02
1.261792e-02
1.245871e-02
1.230349e-02
1.215211e-02
1.200444e-02
1.186033e-02
1.171967e-02
1.158232e-02
1.144817e-02
1.131710e-02
1.118903e-02
1.106383e-02
1.094143e-02
1.082171e-02
1.070460e-02
1.059001e-02
1.047786e-02
1.036808e-02
1.026058e-02
1.015530e-02
1.005217e-02
9.951126e-03
9.852101e-03
9.755037e-03
9.659876e-03
9.566563e-03
9.475044e-03
9.385267e-03
