1.680000e-01
9.784320e-02
6.178894e-02
4.057974e-02
2.725312e-02
1.855727e-02
1.274903e-02
8.810544e-03
6.113043e-03
4.252971e-03
2.964419e-03
2.068942e-03
1.445263e-03
1.010222e-03
7.064409e-04
4.941593e-04
3.457405e-04
2.419347e-04
1.693133e-04
1.184993e-04
8.293965e-05
5.805294e-05
4.063470e-05
2.844313e-05
1.990963e-05
1.393646e-05
9.755387e-06
6.828704e-06
4.780060e-06
3.346026e-06
2.342211e-06
1.639544e-06
1.147679e-06
8.033741e-07
5.623614e-07
3.936528e-07
2.755568e-07
1.928897e-07
1.350228e-07
9.451594e-08
6.616115e-08
4.631280e-08
3.241896e-08
2.269327e-08
1.588529e-08
1.111970e-08
7.783792e-09
5.448654e-09
3.814058e-09
2.669840e-09
1.868888e-09
1.308222e-09
9.157553e-10
6.410287e-10
4.487201e-10
3.141041e-10
2.198728e-10
1.539110e-10
1.077377e-10
7.541638e-11
5.279147e-11
3.695403e-11
2.586782e-11
1.810747e-11
1.267523e-11
8.872662e-12
6.210864e-12
4.347604e-12
3.043323e-12
2.130326e-12
1.491228e-12
1.043860e-12
7.307019e-13
5.114913e-13
3.580439e-13
2.506307e-13
1.754415e-13
1.228091e-13
8.596635e-14
6.017644e-14
4.212351e-14
2.948646e-14
2.064052e-14
1.444836e-14
1.011385e-14
7.079698e-15
4.955789e-15
3.469052e-15
2.428337e-15
1.699836e-15
1.189885e-15
8.329194e-16
5.830436e-16
4.081305e-16
2.856914e-16
1.999840e-16
1.399888e-16
9.799214e-17
6.859450e-17
4.801615e-17
